version https://git-lfs.github.com/spec/v1
oid sha256:58011bcc5aa52db4bd4a03f93cddf197a97f08a12ea2644d2ad5e8c3e8dedabb
size 104124153
